0.000
0.000
0.000
0.000
0.000
0.000
0.000
0.000
0.000
0.000
0.000
0.000
0.000
0.000
0.000
0.000
0.000
0.000
0.000
0.000
0.001
0.007
0.021
0.046
0.083
0.116
0.160
0.189
0.215
0.238
0.255
0.275
0.293
0.308
0.322
0.322
0.342
0.350
0.359
0.367
0.375
0.380
0.377
0.395
0.370
0.344
0.313
0.281
0.264
0.288
0.364
0.484
0.617
0.743
0.855
0.956
1.043
1.115
1.179
1.221
1.218
1.218
1.189
1.143
1.038
0.910
0.749
0.573
0.398
0.248
0.160
0.186
0.358
0.601
0.860
1.123
1.370
1.604
1.818
1.994
2.147
2.266
2.347
2.384
2.370
2.311
2.174
1.954
1.664
1.301
0.906
0.539
0.240
0.077
0.130
0.389
0.747
1.127
1.508
1.890
2.254
2.588
2.857
3.316
3.377
3.548
3.665
3.718
3.704
3.595
3.379
3.057
2.632
1.576
1.015
0.563
0.352
0.481
0.801
1.206
1.646
2.107
2.562
2.999
3.423
3.817
4.188
4.488
4.730
4.904
5.002
5.023
4.954
4.771
4.480
4.073
4.073
3.573
2.989
2.368
1.786
1.368
1.272
1.429
1.715
2.079
2.515
2.988
3.469
3.941
4.410
4.859
5.280
5.652
5.976
6.231
6.410
6.500
6.491
6.381
6.157
5.814
5.366
4.835
4.251