1836.675
46.571
301.290
47.129
313.232
34.245
16.791
10.656
7.338
5.610
4.350
3.359
2.910
2.360
2.082
1.870
1.646
1.428
1.002
1.142
0.819
0.888
0.759
0.702
0.714
0.721
0.580
0.560
0.474
0.621
0.370
0.365
0.516
0.430
0.366
0.172
0.312
0.167
0.308
0.218
0.189
0.413
0.213
0.309
0.009
0.401
0.121
0.164
0.209
0.120
0.226
0.112
0.121
0.139
0.037
0.047
0.078
0.023
0.310
0.041
0.175
0.213
0.167
0.157
0.118
0.169
0.080
0.136
0.033
0.136
0.290
0.042
0.069
0.068
0.121
0.112
0.172
0.130
0.148
0.143
0.119
0.076
0.229
0.070
0.264
0.059
0.223
0.086
0.048
0.173
0.062
0.070
0.216
0.040
0.180
0.089
0.045
0.077
0.056
0.127
0.119
0.079
0.141
0.171
0.079
0.127
0.286
0.076
0.026
0.057
0.075
0.195
0.116
0.168
0.064
0.273
0.161
0.201
0.150
0.208
0.099
0.078
0.102
0.268
0.057
0.109
0.066
0.124
0.149
0.157
0.106
0.119
0.218
0.074
0.205
0.267
0.011
0.094
0.078
0.080
0.131
0.117
0.053
0.101
0.175
0.206
0.169
0.049
0.073
0.040
0.234
0.201
0.151
0.084
0.178
0.128
0.245
0.115
0.106
0.065
0.070
0.092
0.158
0.065
0.086
0.154
0.301
0.046
0.077
0.081
0.141
0.120
0.153
0.114
0.139
0.167
0.158
0.169
0.092
0.161
0.221
0.173
0.067
0.076
0.103
0.190
0.109
0.152
0.207
0.181
0.133
0.214
0.062
0.101
0.104
0.172
0.132
0.256
0.130
0.091
0.056
0.142
0.099
0.133
0.023
0.126
0.150
0.098
0.175
0.174
0.048
0.094
0.101
0.080
0.041
0.107
0.053
0.135
0.102
0.271
0.133
0.149
0.093
0.121
0.191
0.048
0.140
0.108
0.127
0.273
0.055
0.216
0.129
0.085
0.072
0.026
0.048
0.028
0.079
0.134
0.207
0.175
0.074
0.053
0.055
0.092
0.193
0.096
0.192
0.104
0.072
0.105
0.054
0.126
0.158
0.158
0.113
0.078
0.186
0.080
0.195
0.088
0.087
0.074
0.044
0.153
0.048
0.134
0.188
0.138
0.170
0.110
0.122
0.099
0.070
0.060
0.141
0.063
0.126
0.142
0.147
0.152
0.228
0.113
0.037
0.060
0.129
0.251
0.166
0.118
0.024
0.150
0.103
0.134
0.111
0.142
0.052
0.130
0.122
0.086
0.072
0.143
0.137
0.190
0.106
0.222
0.097
0.070
0.035
0.086
0.052
0.136
0.091
0.150
0.168
0.087
0.110
0.168
0.217
0.136
0.112
0.043
0.141
0.087
0.138
0.087
0.049
0.088
0.263
0.128
0.012
0.098
0.096
0.120
0.045
0.031
0.182
0.094
0.109
0.159
0.041
0.109
0.146
0.195
0.174
0.028
0.119
0.123
0.192
0.130
0.158
0.070
0.055
0.133
0.086
0.166
0.233
0.036
0.045
0.163
0.120
0.162
0.118
0.091
0.255
0.177
0.180
0.176
0.220
0.146
0.136
0.181
0.047
0.098
0.122
0.228
0.143
0.123
0.043
0.229
0.166
0.059
0.184
0.174
0.092
0.149
0.176
0.150
0.148
0.168
0.034
0.023
0.043
0.130
0.136
0.141
0.032
0.039
0.093
0.105
0.074
0.082
0.148
0.065
0.025
0.125
0.120
0.156
0.034
0.056
0.188
0.131
0.105
0.042
0.204
0.184
0.270
0.102
0.118
0.032
0.157
0.101
0.147
0.217
0.147
0.112
0.154
0.136
0.168
0.116
0.209
0.109
0.102
0.137
0.344
0.100
0.094
0.070
0.180
0.132
0.063
0.106
0.193
0.091
0.244
0.152
0.116
0.096
0.088
0.099
0.150
0.156
0.130
0.270
0.116
0.081
0.223
0.122
0.144
0.132
0.132
0.033
0.020
0.141
0.148
0.128
0.198
0.119
0.154
0.262
0.035
0.039
0.122
0.070
0.030
0.065
0.034
0.107
0.043
0.149
0.086
0.223
0.079
0.027
0.199
0.164
0.203
0.197
0.150
0.240
0.212
0.006
0.105
0.103
0.196
0.092
0.082
0.243
0.085
0.068
0.163
0.166
0.142
0.141
0.045
0.044
0.216
0.038
0.240
0.153
0.086
0.093
0.317
0.093
0.086
0.153
0.240
0.038
0.216
0.044
0.045
0.141
0.142
0.166
0.163
0.068
0.085
0.243
0.082
0.092
0.196
0.103
0.105
0.006
0.212
0.240
0.150
0.197
0.203
0.164
0.199
0.027
0.079
0.223
0.086
0.149
0.043
0.107
0.034
0.065
0.030
0.070
0.122
0.039
0.035
0.262
0.154
0.119
0.198
0.128
0.148
0.141
0.020
0.033
0.132
0.132
0.144
0.122
0.223
0.081
0.116
0.270
0.130
0.156
0.150
0.099
0.088
0.096
0.116
0.152
0.244
0.091
0.193
0.106
0.063
0.132
0.180
0.070
0.094
0.100
0.344
0.137
0.102
0.109
0.209
0.116
0.168
0.136
0.154
0.112
0.147
0.217
0.147
0.101
0.157
0.032
0.118
0.102
0.270
0.184
0.204
0.042
0.105
0.131
0.188
0.056
0.034
0.156
0.120
0.125
0.025
0.065
0.148
0.082
0.074
0.105
0.093
0.039
0.032
0.141
0.136
0.130
0.043
0.023
0.034
0.168
0.148
0.150
0.176
0.149
0.092
0.174
0.184
0.059
0.166
0.229
0.043
0.123
0.143
0.228
0.122
0.098
0.047
0.181
0.136
0.146
0.220
0.176
0.180
0.177
0.255
0.091
0.118
0.162
0.120
0.163
0.045
0.036
0.233
0.166
0.086
0.133
0.055
0.070
0.158
0.130
0.192
0.123
0.119
0.028
0.174
0.195
0.146
0.109
0.041
0.159
0.109
0.094
0.182
0.031
0.045
0.120
0.096
0.098
0.012
0.128
0.263
0.088
0.049
0.087
0.138
0.087
0.141
0.043
0.112
0.136
0.217
0.168
0.110
0.087
0.168
0.150
0.091
0.136
0.052
0.086
0.035
0.070
0.097
0.222
0.106
0.190
0.137
0.143
0.072
0.086
0.122
0.130
0.052
0.142
0.111
0.134
0.103
0.150
0.024
0.118
0.166
0.251
0.129
0.060
0.037
0.113
0.228
0.152
0.147
0.142
0.126
0.063
0.141
0.060
0.070
0.099
0.122
0.110
0.170
0.138
0.188
0.134
0.048
0.153
0.044
0.074
0.087
0.088
0.195
0.080
0.186
0.078
0.113
0.158
0.158
0.126
0.054
0.105
0.072
0.104
0.192
0.096
0.193
0.092
0.055
0.053
0.074
0.175
0.207
0.134
0.079
0.028
0.048
0.026
0.072
0.085
0.129
0.216
0.055
0.273
0.127
0.108
0.140
0.048
0.191
0.121
0.093
0.149
0.133
0.271
0.102
0.135
0.053
0.107
0.041
0.080
0.101
0.094
0.048
0.174
0.175
0.098
0.150
0.126
0.023
0.133
0.099
0.142
0.056
0.091
0.130
0.256
0.132
0.172
0.104
0.101
0.062
0.214
0.133
0.181
0.207
0.152
0.109
0.190
0.103
0.076
0.067
0.173
0.221
0.161
0.092
0.169
0.158
0.167
0.139
0.114
0.153
0.120
0.141
0.081
0.077
0.046
0.301
0.154
0.086
0.065
0.158
0.092
0.070
0.065
0.106
0.115
0.245
0.128
0.178
0.084
0.151
0.201
0.234
0.040
0.073
0.049
0.169
0.206
0.175
0.101
0.053
0.117
0.131
0.080
0.078
0.094
0.011
0.267
0.205
0.074
0.218
0.119
0.106
0.157
0.149
0.124
0.066
0.109
0.057
0.268
0.102
0.078
0.099
0.208
0.150
0.201
0.161
0.273
0.064
0.168
0.116
0.195
0.075
0.057
0.026
0.076
0.286
0.127
0.079
0.171
0.141
0.079
0.119
0.127
0.056
0.077
0.045
0.089
0.180
0.040
0.216
0.070
0.062
0.173
0.048
0.086
0.223
0.059
0.264
0.070
0.229
0.076
0.119
0.143
0.148
0.130
0.172
0.112
0.121
0.068
0.069
0.042
0.290
0.136
0.033
0.136
0.080
0.169
0.118
0.157
0.167
0.213
0.175
0.041
0.310
0.023
0.078
0.047
0.037
0.139
0.121
0.112
0.226
0.120
0.209
0.164
0.121
0.401
0.009
0.309
0.213
0.413
0.189
0.218
0.308
0.167
0.312
0.172
0.366
0.430
0.516
0.365
0.370
0.621
0.474
0.560
0.580
0.721
0.714
0.702
0.759
0.888
0.819
1.142
1.002
1.428
1.646
1.870
2.082
2.360
2.910
3.359
4.350
5.610
7.338
10.656
16.791
34.245
313.232
47.129
301.290
46.571